ckks parameter init end
generated bootstrapper end
185.957823ms
generate Evaluator end
mult mono :  186.334766ms
total time :  372.669532ms
[1.4210854715202004e-14 3.268496584496461e-13 1.179363257865302e+167 1.7053025658242404e-13 -1.4210854715202004e-13 -1.179363257865302e+167 2.358726515730604e+167 -1.179363257865302e+167 -1.8474111129762605e-13 -1.8474111129762605e-13 1.179363257865302e+167 -7.105427357601002e-14 -9.947598300641403e-14 1.179363257865302e+167 2.842170943040401e-14 1.179363257865302e+167 1.2789769243681803e-13 -1.179363257865302e+167 -1.179363257865302e+167 1.179363257865302e+167 1.9895196601282805e-13 -1.179363257865302e+167 -2.358726515730604e+167 -1.179363257865302e+167 -5.684341886080802e-14 1.179363257865302e+167 -1.179363257865302e+167 -1.179363257865302e+167 -1.9895196601282805e-13 1.179363257865302e+167 2.358726515730604e+167 -1.179363257865302e+167]
[0.004000000000218051 4.263256414560601e-13 -1.179363257865302e+167 2.358726515730604e+167 0.0039999999996211955 -2.984279490192421e-13 -2.358726515730604e+167 1.1368683772161603e-13 0.00400000000018963 -3.126388037344441e-13 1.179363257865302e+167 -2.358726515730604e+167 0.004000000000047521 1.1368683772161603e-13 -5.826450433232822e-13 -1.179363257865302e+167 0.003999999999933834 1.4210854715202004e-14 -1.179363257865302e+167 2.358726515730604e+167 0.0039999999999054126 1.179363257865302e+167 -2.358726515730604e+167 1.179363257865302e+167 0.003999999999891202 -2.358726515730604e+167 1.179363257865302e+167 2.7000623958883807e-13 0.003999999999891202 1.179363257865302e+167 -2.358726515730604e+167 2.358726515730604e+167]
[0.00800000000023715 2.7000623958883807e-13 -1.179363257865302e+167 -1.179363257865302e+167 0.007999999999853458 -2.358726515730604e+167 2.358726515730604e+167 -2.358726515730604e+167 0.008000000000166096 1.179363257865302e+167 -1.179363257865302e+167 5.684341886080802e-14 0.007999999999867669 1.1368683772161603e-13 -4.263256414560601e-13 -1.2789769243681803e-13 0.00800000000022294 -1.179363257865302e+167 1.179363257865302e+167 -2.358726515730604e+167 0.007999999999952934 2.1316282072803006e-13 2.358726515730604e+167 2.358726515730604e+167 0.007999999999995566 -2.358726515730604e+167 1.179363257865302e+167 -1.179363257865302e+167 0.007999999999952934 -2.5579538487363607e-13 -1.8474111129762605e-13 2.358726515730604e+167]
[0.011999999999673605 -1.179363257865302e+167 1.179363257865302e+167 1.179363257865302e+167 0.011999999999630973 -2.842170943040401e-14 -2.358726515730604e+167 -2.358726515730604e+167 0.012000000000014666 1.179363257865302e+167 1.179363257865302e+167 1.179363257865302e+167 0.011999999999900979 -1.179363257865302e+167 -1.5631940186722204e-13 2.358726515730604e+167 0.012000000000000455 1.179363257865302e+167 -1.179363257865302e+167 1.179363257865302e+167 0.01200000000009993 1.179363257865302e+167 -2.358726515730604e+167 -1.179363257865302e+167 0.011999999999844135 1.179363257865302e+167 -1.179363257865302e+167 -1.179363257865302e+167 0.011999999999986244 2.358726515730604e+167 2.842170943040401e-14 -1.179363257865302e+167]
[0.01600000000026114 -1.179363257865302e+167 1.179363257865302e+167 -1.179363257865302e+167 0.01600000000013324 -1.179363257865302e+167 -2.358726515730604e+167 1.179363257865302e+167 0.01600000000010482 1.179363257865302e+167 -1.179363257865302e+167 1.179363257865302e+167 0.01599999999993429 1.179363257865302e+167 -7.105427357601002e-14 -1.179363257865302e+167 0.015999999999891656 -3.552713678800501e-13 1.179363257865302e+167 -7.105427357601002e-14 0.016000000000019554 -1.179363257865302e+167 2.358726515730604e+167 1.179363257865302e+167 0.01599999999963586 -1.4210854715202004e-13 -1.179363257865302e+167 9.947598300641403e-14 0.015999999999891656 1.179363257865302e+167 -2.358726515730604e+167 1.179363257865302e+167]
[0.02000000000030866 2.842170943040401e-14 -1.179363257865302e+167 -2.358726515730604e+167 0.020000000000081286 1.179363257865302e+167 2.358726515730604e+167 -1.179363257865302e+167 0.020000000000351292 2.358726515730604e+167 -1.179363257865302e+167 1.4210854715202004e-13 0.020000000000237605 -1.179363257865302e+167 -4.689582056016661e-13 -2.8421709430404007e-13 0.020000000000081286 -2.358726515730604e+167 1.179363257865302e+167 1.8474111129762605e-13 0.0199999999999676 9.947598300641403e-14 2.358726515730604e+167 1.1368683772161603e-13 0.020000000000194973 -2.358726515730604e+167 1.179363257865302e+167 1.1368683772161603e-13 0.02000000000030866 -2.358726515730604e+167 -2.358726515730604e+167 1.179363257865302e+167]
[0.02400000000019986 -1.179363257865302e+167 1.179363257865302e+167 2.358726515730604e+167 0.024000000000100385 2.358726515730604e+167 2.4158453015843406e-13 -1.1368683772161603e-13 0.02400000000002933 -2.358726515730604e+167 -1.179363257865302e+167 1.179363257865302e+167 0.02400000000001512 2.2737367544323206e-13 5.684341886080802e-14 -5.684341886080802e-14 0.024000000000071964 8.526512829121202e-14 1.179363257865302e+167 -1.179363257865302e+167 0.02399999999968827 2.358726515730604e+167 2.842170943040401e-14 2.358726515730604e+167 0.024000000000057753 -1.179363257865302e+167 -1.179363257865302e+167 4.263256414560601e-14 0.02400000000049829 -2.358726515730604e+167 4.263256414560601e-14 2.4158453015843406e-13]
[0.027999999999977376 -1.179363257865302e+167 1.179363257865302e+167 -1.179363257865302e+167 0.0279999999998779 -1.179363257865302e+167 0 -1.179363257865302e+167 0.02800000000019054 1.179363257865302e+167 -1.179363257865302e+167 -1.179363257865302e+167 0.02800000000002001 2.358726515730604e+167 -1.1368683772161603e-13 1.179363257865302e+167 0.0279999999998779 1.179363257865302e+167 1.179363257865302e+167 -1.179363257865302e+167 0.027999999999920533 -2.358726515730604e+167 -2.842170943040401e-14 2.8421709430404007e-13 0.02800000000002001 1.179363257865302e+167 -1.179363257865302e+167 1.179363257865302e+167 0.02800000000038949 1.179363257865302e+167 -2.4158453015843406e-13 2.358726515730604e+167]
PASS
ok  	github.com/lifejade/mm/src/transpose	0.218s
