ckks parameter init end
generated bootstrapper end
185.997994ms
generate Evaluator end
mult mono :  186.336482ms
total time :  372.672964ms
[-4.263256414560601e-14 -5.684341886080802e-14 4.263256414560601e-14 4.263256414560601e-14 4.263256414560601e-14 -2.842170943040401e-14 -5.684341886080802e-14 4.263256414560601e-14 -4.263256414560601e-14 0 0 1.4210854715202004e-14 0 -4.263256414560601e-14 -4.263256414560601e-14 -4.263256414560601e-14 -9.947598300641403e-14 0 -7.105427357601002e-14 -4.263256414560601e-14 1.4210854715202004e-14 8.526512829121202e-14 0 -1.4210854715202004e-14 -4.263256414560601e-14 -1.4210854715202004e-14 0 0 -5.684341886080802e-14 -8.526512829121202e-14 -5.684341886080802e-14 -4.263256414560601e-14]
[0.007999999999995566 -7.105427357601002e-14 1.4210854715202004e-14 -1.4210854715202004e-14 -7.105427357601002e-14 1.4210854715202004e-14 1.1368683772161603e-13 -1.2789769243681803e-13 0.007999999999981355 -2.842170943040401e-14 1.4210854715202004e-14 0 8.526512829121202e-14 -2.842170943040401e-14 2.842170943040401e-14 -4.263256414560601e-14 0.00800000000005241 5.684341886080802e-14 -4.263256414560601e-14 0 -1.4210854715202004e-14 -1.4210854715202004e-14 2.842170943040401e-14 2.842170943040401e-14 0.008000000000080831 4.263256414560601e-14 1.4210854715202004e-14 2.842170943040401e-14 9.947598300641403e-14 -2.842170943040401e-14 5.684341886080802e-14 -2.842170943040401e-14]
[0.01600000000009061 -5.684341886080802e-14 1.4210854715202004e-14 -1.4210854715202004e-14 -1.4210854715202004e-14 5.684341886080802e-14 1.4210854715202004e-14 1.4210854715202004e-14 0.01599999999997692 -1.4210854715202004e-14 2.842170943040401e-14 -8.526512829121202e-14 -2.842170943040401e-14 -1.4210854715202004e-14 0 1.4210854715202004e-14 0.016000000000019554 -8.526512829121202e-14 4.263256414560601e-14 -7.105427357601002e-14 0 -2.842170943040401e-14 -1.4210854715202004e-14 4.263256414560601e-14 0.016000000000005343 0 1.4210854715202004e-14 -2.842170943040401e-14 -9.947598300641403e-14 2.842170943040401e-14 -5.684341886080802e-14 2.842170943040401e-14]
[0.0239999999999867 -1.4210854715202004e-14 4.263256414560601e-14 5.684341886080802e-14 1.4210854715202004e-14 4.263256414560601e-14 7.105427357601002e-14 -9.947598300641403e-14 0.024000000000043542 1.4210854715202004e-14 5.684341886080802e-14 0 -2.842170943040401e-14 9.947598300641403e-14 -4.263256414560601e-14 0 0.0239999999999867 -7.105427357601002e-14 -2.842170943040401e-14 2.842170943040401e-14 4.263256414560601e-14 5.684341886080802e-14 7.105427357601002e-14 -8.526512829121202e-14 0.02400000000002933 -5.684341886080802e-14 -4.263256414560601e-14 -1.4210854715202004e-14 1.1368683772161603e-13 2.842170943040401e-14 1.4210854715202004e-14 4.263256414560601e-14]
PASS
ok  	github.com/lifejade/mm/src/transpose	0.218s
