Maximum number of CPUs:  1
//////////////////////////////////////////////////////////////////////
level : 0
ckks parameter init end
generated bootstrapper end
153.719892ms
generate Evaluator end
key list:
[895 927 1131 1309 1937 1773 1845 151 975 1047 1175 1367 9 1111 1689 1951 97 195 831 1971 1999 65 1023 1091 1295 1743 521 1411 2023 2041 311 347 925 1011 1315 1353 1587 1687 561 621 1443 2049 251 747 1941 167 1003 1553 1789 619 1497 1837 21 83 199 663 1125 885 1043 1407 1821 3 963 1199 1283 1101 1639 1915 1979 1109 1263 1285 1923 1041 1067 1115 1629 1727 1879 1757 149 229 375 947 1523 453 617 651 1597 629 655 751 983 2047 825 419 443 1953 749 1885 1969 833 1781 23 233 1297 1569 1853 661 997 1619 1761 1631 115 483 883 1219 1073 1809 1827 341 557 719 1737 1801 283 1423 1965 1191 205 903 1973 249 399 1697 1977 1623 1995 175 331 475 957 1103 1127 1529 1799 1089 1143 1197 1491 1641 7 377 869 1665 1701 1731 49 1237 313 973 1179 1209 1825 1051 1659 101 123 179 425 723 779 969 1573 1603 1783 2037 145 285 299 821 1479 289 991 1643 1903 1605 1887 1905 61 401 1021 1203 1511 63 511 613 809 1193 693 919 939 1187 1671 917 1099 1205 1533 875 1591 71 133 277 381 631 73 393 665 1609 1729 1449 1485 139 391 953 1239 1255 87 785 1031 1655 1617 1647 1601 479 1005 1253 1397 1571 541 1015 1257 1593 1675 1307 1785 2001 1215 141 343 579 905 1129 1147 1325 1883 39 253 507 755 1009 2019 559 687 1707 1935 2045 105 345 609 1093 1621 691 1387 1395 1585 351 577 1139 1627 147 497 1289 1683 267 977 1543 2021 1365 1369 5 17 135 371 1331 173 389 427 717 979 1657 1189 1195 1551 189 593 705 855 1049 1595 1911 117 469 533 929 1607 303 353 435 683 1473 2027 1557 1699 1705 29 31 763 889 1467 423 873 879 1531 1811 455 829 965 1303 1409 1435 163 215 531 851 943 293 607 667 735 1427 1711 1723 2005 281 1097 1133 1343 1383 599 1499 1269 1517 13 517 551 859 1213 1525 2017 1615 27 121 501 1063 615 941 1273 1859 2039 1589 1685 1347 1501 411 685 867 1173 1313 911 1211 887 959 1069 11 35 773 1035 1065 1327 1431 57 555 727 775 1155 1981 103 239 273 287 645 1561 1713 1767 461 853 1087 1335 1381 2013 2015 275 1185 1351 1869 1901 1251 1493 1565 1695 1881 731 99 565 1759 211 601 1755 1 127 369 19 971 993 1649 771 1583 1847 1311 1341 1987 165 1267 571 643 1033 797 1025 1577 1719 1471 491 545 677 1275 1415 111 335 1775 217 1169 1421 1725 177 1849 1917 1171 1715 47 305 699 1983 481 745 1429 1939 945 937 1453 1805 1645 119 657 1071 1985 1735 161 471 585 961 1045 85 405 1081 1663 1907 367 431 1469 1857 1919 131 279 291 653 681 951 1515 1949 1991 641 1399 1567 1749 1807 843 1459 597 1217 1959 1223 1495 1709 235 459 605 871 1013 819 271 985 1403 1765 2003 999 1265 1475 1871 1895 365 881 1083 1271 1339 1947 1635 1793 247 261 387 805 1077 1963 487 523 777 1241 1819 1677 319 567 761 1107 1329 1535 1545 337 549 915 987 1247 1693 1813 1823 69 125 207 1183 1763 1465 309 697 1057 1079 1225 1891 451 485 635 813 1393 633 1945 223 403 845 933 1451 417 649 1975 767 901 955 1815 595 625 935 1243 1833 59 823 1261 1363 1829 465 701 801 1679 429 1555 711 967 1433 225 355 1373 637 2043 675 1177 193 321 379 1235 1855 361 467 1007 227 949 1229 37 1349 1503 143 703 841 1123 811 1739 1301 1483 1667 257 327 725 863 1227 1835 301 835 2009 1933 2011 45 197 611 1507 1733 55 1165 1909 433 679 1105 1633 535 1377 493 931 1413 1925 563 671 815 1541 1651 995 1299 1333 1401 1863 861 1359 1509 51 113 715 1549 1599 1319 1391 1489 603 759 781 847 849 1167 1419 1753 1989 1921 25 909 1321 1371 1669 191 383 695 1441 155 169 539 623 509 1445 1611 1897 1053 1993 2035 907 1361 1703 1771 1861 15 793 1157 1867 1943 79 1559 1581 647 1461 1563 473 1039 525 729 1613 95 733 803 1259 181 573 1637 109 349 741 913 457 515 529 1027 269 1521 2031 1439 1961 157 409 769 1745 1831 899 1037 1389 569 817 1207 489 877 255 1417 67 1487 537 1121 2007 1095 1893 1913 89 547 837 839 865 107 449 1579 1673 1841 213 297 1119 499 1345 1425 1653 1777 463 495 1317 1379 1803 445 1117 1751 1843 263 589 1875 439 709 897 1539 1741 245 581 739 1113 1505 415 783 1791 2029 787 1625 1955 53 187 505 527 1537 421 1231 221 237 243 1291 1463 75 317 385 1233 1293 1481 93 1281 1455 587 857 1967 315 1457 477 799 1817 1305 1899 33 43 77 503 1161 1957 231 359 689 1747 1929 707 1447 329 1795 1997 265 1159 1385 201 737 789 1055 1061 413 1717 981 1279 659 183 325 333 91 203 639 989 437 543 721 757 923 219 1437 1873 41 295 827 1163 1575 397 1787 2025 209 575 591 765 1681 1851 323 363 1181 1323 1375 1141 1153 1691 171 1075 2033 159 1355 627 1017 1513 339 373 743 1019 1927 185 513 1137 1721 1001 1145 1797 1931 673 1277 1477 1135 1149 1245 1779 1221 1527 137 795 891 1059 1201 307 441 1029 1151 1547 583 807 1405 447 129 1287 1519 1661 1249 153 357 407 791 921 1877 241 519 553 1357 1839 395 753 1337 1769 1889 81 669 713 893 1085 259 1865]
1025
ctgen end
mult by monomial 6.099717ms
TWEAK 66.027126ms
Automorphism 85.875428ms
TWEAK2 & replace 65.094452ms
[-9.379164112033322e-12 2.0165202840871643e-11 -2.404476617812179e-11 -5.7553961596568115e-12 -8.625988812127616e-12 -4.845901457883883e-12 -1.9468870959826745e-11 4.320099833421409e-12 2.511058028176194e-11 -8.711253940418828e-12]
[0.001000000017100433 0.0009999999969920736 0.0010000000056180625 0.0010000000018948185 0.0009999999907250867 0.0010000000099950057 0.0009999999663961034 0.000999999981502242 0.001000000000971113 0.0010000000107908136]
[0.002000000002539082 0.0019999999940694124 0.002000000014760417 0.0020000000305628873 0.002000000017275738 0.001999999974458433 0.0020000000103124194 0.0020000000028375098 0.0020000000101561 0.00199999999918532]
[0.003000000018545279 0.0029999999973568947 0.003000000016911031 0.0029999999824923407 0.0029999999955094836 0.0030000000126193527 0.0029999999740084604 0.003000000027455485 0.002999999990365154 0.00299999998647138]
//////////////////////////////////////////////////////////////////////
PASS
ok  	github.com/lifejade/mm/src/transpose	0.432s
