ckks parameter init end
generated bootstrapper end
galLen :  1024
preprocess start
preprocess end :  832.167922ms
start c2s
////////////////////////////////////////////////////
Alloc = 9035 MiB
Sys = 9305 MiB
NumGC = 23
////////////////////////////////////////////////////
실제 물리 메모리 (RSS): 3378 MiB
가상 메모리 (VMS): 19864 MiB
end c2s :  23.423575439s
////////////////////////////////////////////////////
Alloc = 14154 MiB
Sys = 14547 MiB
NumGC = 24
////////////////////////////////////////////////////
실제 물리 메모리 (RSS): 13202 MiB
가상 메모리 (VMS): 25246 MiB
decryption start
result1[ 0 ] : [-1.7149256181792083e-09 0.0009999947019332656 0.002000005255643811 0.0029999969662186654 0.004000001368718226 0.00500002717459927 0.006000001183391279 0.0070000069203723925 0.007999970302901338 0.0089999973402774]
result1[ 1 ] : [-2.9303941773139996e-09 0.0009999988330068044 0.002000005756777945 0.003000001304859473 0.004000000626722067 0.005000011789260739 0.005999995571064148 0.006999999651277011 0.007999990079333719 0.009000001695793486]
result1[ 2 ] : [-6.365331317592648e-10 0.0010000056347842234 0.0020000162579747738 0.003000005507757586 0.00400000086039537 0.005000008528413508 0.006000008155864434 0.006999996227509242 0.007999983717008385 0.009000013155863767]
result1[ 3 ] : [-3.4101644563744316e-09 0.0010000006389398186 0.0020000047054853365 0.0030000017067765283 0.004000000824800398 0.004999985217783165 0.006000007172472094 0.0070000003498386365 0.0079999727500637 0.00899999757484854]
result1[ 4 ] : [1.3894399797376167e-09 0.001000001233709219 0.001999998841282463 0.0030000068416567716 0.003999998437581337 0.004999985332625273 0.005999996509818278 0.007000002847651565 0.007999992220523833 0.008999995909153069]
result1[ 5 ] : [-1.4207982290681542e-09 0.000999996461025332 0.0019999956720703482 0.0029999997320448724 0.003999999987981423 0.005000000175804625 0.00599999254178496 0.006999994309313806 0.007999988087942944 0.008999991624047854]
result1[ 6 ] : [-5.104293931967874e-10 0.0009999976624210372 0.001999992352058999 0.0030000027163660237 0.003999999792065306 0.004999996909342275 0.006000000727195087 0.007000002656454535 0.008000007749436072 0.008999985636298308]
result1[ 7 ] : [-5.785525947210601e-10 0.0009999978178925617 0.002000000517210554 0.002999998734496079 0.003999997298140573 0.005000010240549552 0.006000001907351421 0.007000018570468947 0.008000037432003698 0.008999988719696289]
result1[ 8 ] : [2.031196932872348e-09 0.0009999981490438625 0.0020000112532912173 0.0029999957421189827 0.004000004993560152 0.004999960594844283 0.005999998891022568 0.0070000032114868604 0.007999981088212316 0.009000003388384054]
result1[ 9 ] : [-5.765823513081969e-09 0.0010000034975309047 0.002000007712047225 0.0029999983610899394 0.003999998619512141 0.0050000051267094225 0.0059999932321399 0.006999992496644791 0.007999995260982495 0.008999996797298793]
result1[ 10 ] : [2.750083716307472e-09 0.0009999939767919852 0.002000007655341529 0.0029999979898020224 0.004000000542121601 0.004999991957294142 0.0060000002408649444 0.006999986512281953 0.00799999243798627 0.00900001245896212]
result1[ 11 ] : [4.5696060824163e-10 0.0009999961912300626 0.0020000018293396538 0.0030000031076048983 0.0040000004561367986 0.005000005257621398 0.005999997186998868 0.007000006846023615 0.007999974759389933 0.008999995751546558]
result1[ 12 ] : [2.0690693325331466e-09 0.0010000028996196286 0.0020000081809248282 0.0029999987286727925 0.003999999509541191 0.004999982821253496 0.005999995758857346 0.006999978929680684 0.00799998027651519 0.008999991615709385]
result1[ 13 ] : [-2.404710874870375e-10 0.0010000002326006063 0.0020000089533754595 0.0029999993549966186 0.004000002179363554 0.0049999947800914435 0.006000005954135357 0.007000015165731288 0.008000012608133239 0.009000000230269284]
result1[ 14 ] : [5.29025120932225e-09 0.0010000024173240085 0.0020000165642442835 0.0029999955304075288 0.004000002465496283 0.005000011569588764 0.005999998729981082 0.00700000890873162 0.008000013401455452 0.008999995575774272]
result1[ 15 ] : [1.925722775686367e-09 0.0009999969969038403 0.002000000645673905 0.0029999968629951523 0.0040000017361322415 0.005000016142135105 0.006000003905915902 0.006999993038054292 0.0079999683283061 0.00900000470131776]
result1[ 16 ] : [-2.814438376796957e-09 0.0010000021862636987 0.0019999961868093774 0.003000001898349286 0.0040000007997223475 0.00500001851964621 0.0060000022918653695 0.007000024432399832 0.00800000310306051 0.008999997576484009]
result1[ 17 ] : [2.517382580169425e-09 0.0009999956787665465 0.0019999963644008467 0.0030000019940223943 0.004000003095239513 0.004999992286873006 0.0060000034064037755 0.0069999991225342395 0.008000006373364565 0.008999998119662594]
result1[ 18 ] : [-5.726853297138845e-09 0.0009999980874370873 0.0020000096922244137 0.002999999313136964 0.004000000185829217 0.005000008847797444 0.005999997374607213 0.006999999633496706 0.00799998711345054 0.008999971822011149]
result1[ 19 ] : [-6.487065440374806e-09 0.001000009440540045 0.002000002139172008 0.0030000005854236844 0.003999997104747244 0.004999999341908812 0.005999996584517914 0.007000008225813953 0.007999998301072703 0.009000003619107938]
result1[ 20 ] : [-3.1173774950321587e-09 0.001000001149885521 0.002000004032168573 0.0029999978408644656 0.003999998927499776 0.0049999773134311865 0.005999993547942811 0.007000026490236899 0.008000002189164718 0.009000003654992705]
////////////////////////////////////////////////////
result2[ 0 ] : [0.5120000656807874 0.5130000680810023 0.5140000531523162 0.5150000656768843 0.5160000617267683 0.5170000694966372 0.5180000689897893 0.5190000735941993 0.5200000840989027 0.5210000616488865]
result2[ 1 ] : [0.5120000638470128 0.513000061195737 0.5140000691378025 0.5150000652470328 0.5160000638427483 0.517000034297096 0.5180000682268039 0.519000055439394 0.5200000538704967 0.5210000689492866]
result2[ 2 ] : [0.5120000580742045 0.5130000592482151 0.5140000753147629 0.5150000642192305 0.5160000666982694 0.517000069925463 0.5180000599140607 0.5190000624676302 0.5200000761174582 0.5210000877915968]
result2[ 3 ] : [0.5120000645519629 0.5130000637166614 0.5140000536903621 0.5150000685920975 0.516000063617053 0.5170000683584214 0.5180000568093208 0.5190000638293052 0.5200000995592131 0.5210000758279856]
result2[ 4 ] : [0.5120000640201112 0.5130000643119557 0.5140000604839527 0.5150000641664745 0.5160000667302374 0.5170000638756118 0.5180000665638491 0.5190000607823446 0.5200000523296467 0.5210000547546757]
result2[ 5 ] : [0.5120000611932691 0.5130000727144229 0.5140000688452507 0.5150000654766971 0.5160000652658057 0.5170000664236094 0.5180000660153029 0.519000078001856 0.5200000793380043 0.5210000797193818]
result2[ 6 ] : [0.5120000582344896 0.513000065649786 0.5140000450564917 0.5150000642765977 0.5160000629116313 0.517000071795298 0.5180000730649719 0.5190000528201707 0.5200000782343717 0.5210000548064844]
result2[ 7 ] : [0.5120000627957307 0.5130000632733733 0.5140000718007495 0.515000067147669 0.5160000646522769 0.5170000850525941 0.5180000702872614 0.5190000552973607 0.5200000799919813 0.5210000708027794]
result2[ 8 ] : [0.5120000652187752 0.5130000636591134 0.5140000628285071 0.5150000662007554 0.5160000657931422 0.5170000722490757 0.5180000616413418 0.519000077532519 0.5200000959287221 0.5210000583182982]
result2[ 9 ] : [0.5120000612681483 0.5130000718612404 0.5140000529326624 0.51500007104207 0.5160000629719977 0.5170000551612806 0.5180000686567471 0.5190000810873642 0.5200000834073066 0.5210000483400675]
result2[ 10 ] : [0.5120000626786794 0.5130000604685129 0.5140000566305958 0.5150000683260304 0.5160000649267775 0.5170000616083703 0.5180000694276923 0.5190000839227933 0.5200000262836091 0.521000060138232]
result2[ 11 ] : [0.5120000640915741 0.5130000664461634 0.5140000626723155 0.5150000651954094 0.5160000634425028 0.5170000643996951 0.5180000674734239 0.5190000668723492 0.5200000724542289 0.5210000818350649]
result2[ 12 ] : [0.5120000713559107 0.5130000698743615 0.5140000669578748 0.515000064521278 0.5160000655263187 0.517000049556882 0.5180000589795315 0.5190000725268386 0.5200000682619547 0.5210000533546731]
result2[ 13 ] : [0.5120000671391489 0.5130000678699219 0.514000067580054 0.5150000694083875 0.516000066083878 0.5170000498062203 0.5180000718436942 0.5190000519533617 0.5200000779453522 0.5210000604537238]
result2[ 14 ] : [0.5120000666203081 0.5130000633485011 0.5140000570354952 0.5150000638492335 0.5160000662057673 0.5170000858489332 0.5180000721337578 0.5190000801269696 0.5200000392346849 0.5210000639186922]
result2[ 15 ] : [0.51200006075783 0.5130000624324269 0.514000066548937 0.515000065878298 0.5160000632271378 0.517000078401777 0.5180000615218044 0.5190000603558678 0.5200000532678581 0.5210000632827976]
result2[ 16 ] : [0.5120000668517519 0.5130000609390619 0.5140000548859702 0.5150000672029069 0.5160000650689874 0.5170000702310453 0.5180000695494149 0.5190000729232712 0.5200000633882013 0.5210000707917362]
result2[ 17 ] : [0.5120000659129504 0.5130000609319314 0.514000060195775 0.5150000643945826 0.5160000666204616 0.5170000721134638 0.5180000662711787 0.5190000481594352 0.5200000499382743 0.5210000532202771]
result2[ 18 ] : [0.5120000663110558 0.5130000656417362 0.5140000621119647 0.5150000635949624 0.5160000630451991 0.5170000658249341 0.518000065066076 0.5190000668823029 0.5200000767245165 0.5210000583065024]
result2[ 19 ] : [0.5120000602955971 0.5130000644419348 0.5140000671804107 0.515000063008383 0.5160000651345354 0.5170000861311593 0.5180000657538921 0.5190000758609322 0.5200000688042562 0.5210000772799499]
result2[ 20 ] : [0.5120000670739931 0.5130000711788935 0.5140000599797101 0.5150000712394022 0.5160000623006091 0.517000063969745 0.5180000608233227 0.5190000552774575 0.5200000399389662 0.5210000428075643]
PASS
ok  	github.com/lifejade/mm/src/boot	29.788s
