ckks parameter init end
generated bootstrapper end
galLen :  1024
preprocess start
preprocess end :  5.059082494s
start c2s
////////////////////////////////////////////////////
Alloc = 9046 MiB
Sys = 9321 MiB
NumGC = 24
////////////////////////////////////////////////////
실제 물리 메모리 (RSS): 3758 MiB
가상 메모리 (VMS): 19940 MiB
end c2s :  23.697031301s
////////////////////////////////////////////////////
Alloc = 8951 MiB
Sys = 17175 MiB
NumGC = 25
////////////////////////////////////////////////////
실제 물리 메모리 (RSS): 15919 MiB
가상 메모리 (VMS): 27934 MiB
decryption start
result1[ 0 ] : [3.533657338961049e-08 0.001000003840072844 0.0020000206748924665 0.002999996417837103 0.004000020584283864 0.004999991033977164 0.005999998450034294 0.006999987436506566 0.008000007023278438 0.009000001566438709]
result1[ 1 ] : [1.1201891414458487e-08 0.0010000020931939801 0.002000014576277631 0.002999989012239218 0.003999991390512991 0.004999994643258954 0.006000000070380235 0.007000003650720593 0.008000004352830242 0.00899999423511666]
result1[ 2 ] : [-6.084769355041431e-10 0.0010000007494859464 0.0019999801568537923 0.00299998761780787 0.004000006413641677 0.005000007958383762 0.00600000619309457 0.007000002185403531 0.007999999223854637 0.009000004570622]
result1[ 3 ] : [-5.594246213491694e-08 0.0010000016790321364 0.002000000695896259 0.0030000020117363357 0.004000020076027455 0.0050000128531180466 0.006000009274029355 0.006999997226091348 0.007999999408520697 0.00900000501781656]
result1[ 4 ] : [-3.054687189307792e-08 0.0010000022540641862 0.0020000054722026928 0.0029999994165278154 0.004000013431106814 0.004999989122996762 0.006000001415581185 0.006999992298779623 0.008000007898958938 0.009000003023473757]
result1[ 5 ] : [3.7114665507598232e-09 0.0010000002964752064 0.00200000465957223 0.002999999812794002 0.0039999974405861005 0.004999990045725433 0.005999997630358328 0.0070000114074970365 0.008000000196427354 0.008999996587599812]
result1[ 6 ] : [-4.832349409511494e-09 0.0010000044816997344 0.002000004935962252 0.0030000016779136995 0.004000001673500092 0.004999994290070031 0.006000008367499365 0.0069999903221007465 0.00800000376884541 0.009000003686474078]
result1[ 7 ] : [-2.9925830813404275e-08 0.0010000025711064398 0.0020000127761461706 0.002999997174739172 0.003999996559772123 0.005000007695652342 0.005999997940478896 0.007000012462762856 0.008000006528069536 0.00900000406398474]
result1[ 8 ] : [-9.919697424587426e-09 0.0009999961364922094 0.0020000344144691096 0.0029999983208756353 0.003999999756623129 0.005000011406900762 0.0060000066748054914 0.007000001723865862 0.007999999372924005 0.009000009466858111]
result1[ 9 ] : [-7.904492144161779e-09 0.0009999977596230891 0.00200001622129381 0.002999997593417403 0.003999997708791642 0.005000004958715332 0.006000002989241915 0.0070000002196373146 0.008000007377274104 0.009000002359364517]
result1[ 10 ] : [3.943368295789007e-08 0.0009999980529261376 0.002000023421158542 0.003000007030060592 0.004000014084668713 0.005000004370144778 0.005999998278912677 0.006999995762291988 0.008000003322822052 0.00900000704574841]
result1[ 11 ] : [4.4207768751247656e-08 0.0009999994617607422 0.0020000077722632514 0.0030000057075595943 0.003999990257428893 0.0049999845924510455 0.005999993185927116 0.006999993371837848 0.008000002221856956 0.009000013305679483]
result1[ 12 ] : [7.451187861162722e-09 0.0009999963697740477 0.002000034431061032 0.002999993677859414 0.004000016540750773 0.004999992887401938 0.0059999982343673375 0.007000001531920208 0.007999998923329837 0.009000005971048719]
result1[ 13 ] : [-3.4035520790620666e-09 0.0010000043520590474 0.002000005454671161 0.002999996507714181 0.003999995469609691 0.004999993043471207 0.005999997530706902 0.00699999878061755 0.008000001953388097 0.009000010230582084]
result1[ 14 ] : [2.166450685514576e-09 0.000999997094870697 0.00200001128454394 0.002999994490355651 0.003999974248251631 0.00500000779173887 0.006000008590205191 0.007000001055455202 0.00799999247979652 0.009000007681652045]
result1[ 15 ] : [-2.696568968119095e-09 0.001000002258163657 0.0019999850410550857 0.002999998573407575 0.004000023258520252 0.0049999942037178835 0.0059999971719031375 0.006999986454728491 0.007999999458943141 0.009000003522164651]
result1[ 16 ] : [3.1449678361550326e-08 0.0010000022793626995 0.0020000023659125787 0.0030000097187441455 0.004000018701251912 0.005000005208976865 0.006000001491701518 0.006999994080351346 0.008000000385029182 0.009000014795550876]
result1[ 17 ] : [2.92631017195788e-08 0.001000002397835098 0.0019999807513539913 0.0029999834674315495 0.003999998296340512 0.005000002873670389 0.005999996373294125 0.006999991480778567 0.008000005399612486 0.00900001008667467]
result1[ 18 ] : [-3.6806547448753335e-08 0.000999995160247541 0.0019999762231796836 0.003000004438103804 0.003999993851638656 0.005000006806706564 0.0060000008900873425 0.00700001273991438 0.007999995703751955 0.008999999889363397]
result1[ 19 ] : [3.769247597373848e-08 0.0009999974751194463 0.001999974938154847 0.0030000023533898468 0.0040000025925124305 0.0050000018481816955 0.0060000036806309165 0.006999996856621976 0.00799999856294159 0.008999988635608996]
result1[ 20 ] : [-5.60415672201664e-09 0.0009999979700125172 0.0019999925072223534 0.0030000123095766107 0.004000005834080472 0.0050000203362049744 0.006000007297520288 0.006999990820750063 0.008000000264454438 0.009000009584222785]
////////////////////////////////////////////////////
result2[ 0 ] : [0.512000108201623 0.5130000626667196 0.5140000812267952 0.5150000617919285 0.5160000708170315 0.5170000619964199 0.518000060919229 0.5190000576267306 0.52000006201547 0.5210000671149629]
result2[ 1 ] : [0.5120000344052249 0.5130000644944486 0.514000068689521 0.5150000604240135 0.5160000612918111 0.5170000608721607 0.5180000671021924 0.5190000532166135 0.5200000601545183 0.5210000641532666]
result2[ 2 ] : [0.5120000779613093 0.5130000666694216 0.5140000611881929 0.515000051876432 0.5160000715712539 0.5170000701506785 0.5180000707829189 0.5190000674360474 0.5200000619311715 0.5210000621411868]
result2[ 3 ] : [0.5120000231505103 0.5130000648988293 0.514000068743351 0.5150000667555322 0.5160000606668231 0.51700005696124 0.5180000647090508 0.51900008394967 0.520000068182817 0.5210000693163032]
result2[ 4 ] : [0.5120000461122575 0.5130000671153594 0.5140000653124597 0.5150000736691479 0.51600005716399 0.5170000680664417 0.518000062382165 0.5190000658372373 0.5200000689157901 0.5210000694801307]
result2[ 5 ] : [0.5120000588607863 0.5130000603188929 0.5140000800744176 0.5150000707680016 0.5160000633227118 0.5170000669713521 0.5180000623085755 0.5190000658420937 0.520000063869587 0.5210000644570378]
result2[ 6 ] : [0.5120000886762823 0.5130000640673191 0.5140000492070755 0.5150000583990102 0.5160000683172504 0.5170000674131479 0.5180000638120295 0.5190000660082663 0.5200000618057887 0.5210000705101053]
result2[ 7 ] : [0.5120000505489264 0.5130000674055997 0.5140000806872798 0.5150000520042611 0.5160000628296508 0.5170000620902118 0.5180000723599798 0.5190000752445016 0.5200000638127276 0.5210000699382331]
result2[ 8 ] : [0.5120000453906872 0.5130000638998259 0.5140000533078517 0.5150000708611343 0.5160000978283442 0.5170000694335839 0.518000075370439 0.5190000687443618 0.5200000596458484 0.5210000725166237]
result2[ 9 ] : [0.512000022361731 0.5130000639981316 0.5140000789914647 0.5150000752983288 0.5160000718087143 0.517000070380053 0.5180000715015637 0.5190000713857451 0.5200000590498989 0.5210000710850595]
result2[ 10 ] : [0.5120000836439406 0.5130000701787613 0.5140000729704224 0.5150000667046375 0.5160000552900874 0.5170000744430029 0.5180000657920254 0.5190000690229329 0.5200000665514548 0.5210000643106883]
result2[ 11 ] : [0.5120000460128609 0.5130000642759106 0.5140000366547398 0.5150000705970952 0.5160000580091246 0.5170000796994726 0.5180000699140734 0.5190000656059848 0.5200000607459344 0.5210000582798674]
result2[ 12 ] : [0.5120000429270629 0.5130000685527154 0.5140000514402402 0.5150000722237653 0.5160000784267069 0.5170000699026545 0.5180000628119316 0.5190000797760996 0.5200000674067797 0.5210000692690706]
result2[ 13 ] : [0.5120000103688681 0.513000063167566 0.5140000680909702 0.5150000563931646 0.516000066825969 0.5170000560187092 0.5180000676307899 0.5190000527743854 0.5200000698077573 0.5210000626012155]
result2[ 14 ] : [0.5120000683807182 0.5130000669277 0.5140000642514448 0.5150000716757568 0.5160000550372164 0.51700006018555 0.5180000583667517 0.5190000633274462 0.5200000716222314 0.521000065164898]
result2[ 15 ] : [0.5120000505965061 0.5130000633983275 0.5140000720586976 0.5150000758354891 0.5160000541031411 0.5170000598952693 0.5180000627536562 0.5190000714212434 0.5200000752494779 0.5210000645944308]
result2[ 16 ] : [0.5120000634832655 0.5130000654449227 0.5140000558069397 0.5150000672083846 0.5160000657228484 0.5170000784990352 0.5180000756677512 0.5190000683802503 0.5200000683831142 0.5210000733873361]
result2[ 17 ] : [0.5120000627657396 0.5130000677249622 0.5140000587756384 0.5150000693887753 0.5160000703436701 0.5170000699714163 0.5180000689872728 0.519000049943476 0.5200000650469376 0.5210000643850597]
result2[ 18 ] : [0.5120001034226856 0.51300006419807 0.5140000435886953 0.5150000706189898 0.5160000593532491 0.5170000590146762 0.5180000575656275 0.5190000729252389 0.5200000625294916 0.5210000620123029]
result2[ 19 ] : [0.5120000622217911 0.5130000687530336 0.5140000427882241 0.5150000753673674 0.5160000529184559 0.517000074645968 0.5180000655410741 0.5190000609494513 0.5200000654081058 0.5210000738204921]
result2[ 20 ] : [0.512000058870616 0.5130000627873101 0.5140000673286417 0.515000067225337 0.5160000761543423 0.5170000649830189 0.5180000666908511 0.5190000645076236 0.5200000662732382 0.5210000765375672]
PASS
ok  	github.com/lifejade/mm/src/boot	34.370s
