ckks parameter init end
1
[0.7946699218445521]
alpha non Mform 12338769
alpha non Mform 5678460
alpha non Mform 3060633
alpha non Mform 3993608

429496729
281474546165353
[0.7946699218445521 0]
alpha non Mform 12338769
alpha non Mform 5678460
alpha non Mform 3060633
alpha non Mform 3993608

[0.7946699218445521 0.5678570479515263]
alpha non Mform 12994130
alpha non Mform 6333821
alpha non Mform 3715994
alpha non Mform 4648969

1
[0.7340147756995421]
alpha non Mform 38618032351769
alpha non Mform 51231225915929

11706702
3011592
[0.7340147756995421 0]
alpha non Mform 38618032351769
alpha non Mform 51231225915929

[0.7340147756995421 0.16636898433952654]
alpha non Mform 105124086087453
alpha non Mform 117346372484893

62921
8558073
7139098
[0.7340147756995421 0 0]
alpha non Mform 38618032351769
alpha non Mform 51231225915929

[0.7340147756995421 0.16636898433952654 0]
alpha non Mform 105124086087453
alpha non Mform 117346372484893

[0.7340147756995421 0.16636898433952654 0.9322125451032409]
alpha non Mform 68704671090634
alpha non Mform 79780941907914

3703872
14029710
6813880
8794123
[0.7340147756995421 0 0 0]
alpha non Mform 38618032351769
alpha non Mform 51231225915929

[0.7340147756995421 0.16636898433952654 0 0]
alpha non Mform 105124086087453
alpha non Mform 117346372484893

[0.7340147756995421 0.16636898433952654 0.9322125451032409 0]
alpha non Mform 68704671090634
alpha non Mform 79780941907914

[0.7340147756995421 0.16636898433952654 0.9322125451032409 0.9961174303103146]
alpha non Mform 218728628212801
alpha non Mform 227287719597121

[281474976317441 281474975662081]
[14624959 15092711 16654291 21552221]
[140737488119399 140737487935898]
[[10532173 7600697] [5715628 2457743] [11159423 2226005] [20103676 8227040]]
[0.7946699218445521 0.5678570479515263]
7586950
5795435
&[60572073339361 135085055449577 0 0 0 0 0 0 0 0 0 0 0 0 0 0 0 0 0 0 0 0 0 0 0 0 0 0 0 0 0 0]

9302984
14219582
&[60572073339361 135085055449577 0 0 0 0 0 0 0 0 0 0 0 0 0 0 0 0 0 0 0 0 0 0 0 0 0 0 0 0 0 0]

9328064
9861132
&[60572073339361 135085055449577 0 0 0 0 0 0 0 0 0 0 0 0 0 0 0 0 0 0 0 0 0 0 0 0 0 0 0 0 0 0]

739719
2497415
&[60572073339361 135085055449577 0 0 0 0 0 0 0 0 0 0 0 0 0 0 0 0 0 0 0 0 0 0 0 0 0 0 0 0 0 0]

7586950
5795435
&[60572073339361 135085055449577 0 0 0 0 0 0 0 0 0 0 0 0 0 0 0 0 0 0 0 0 0 0 0 0 0 0 0 0 0 0]

9302984
14219582
&[60572073339361 135085055449577 0 0 0 0 0 0 0 0 0 0 0 0 0 0 0 0 0 0 0 0 0 0 0 0 0 0 0 0 0 0]

9328064
9861132
&[60572073339361 135085055449577 0 0 0 0 0 0 0 0 0 0 0 0 0 0 0 0 0 0 0 0 0 0 0 0 0 0 0 0 0 0]

739719
2497415
&[60572073339361 135085055449577 0 0 0 0 0 0 0 0 0 0 0 0 0 0 0 0 0 0 0 0 0 0 0 0 0 0 0 0 0 0]

7586950
5795435
&[60572073339361 135085055449577 0 0 0 0 0 0 0 0 0 0 0 0 0 0 0 0 0 0 0 0 0 0 0 0 0 0 0 0 0 0]

9302984
14219582
&[60572073339361 135085055449577 0 0 0 0 0 0 0 0 0 0 0 0 0 0 0 0 0 0 0 0 0 0 0 0 0 0 0 0 0 0]

9328064
9861132
&[60572073339361 135085055449577 0 0 0 0 0 0 0 0 0 0 0 0 0 0 0 0 0 0 0 0 0 0 0 0 0 0 0 0 0 0]

739719
2497415
&[60572073339361 135085055449577 0 0 0 0 0 0 0 0 0 0 0 0 0 0 0 0 0 0 0 0 0 0 0 0 0 0 0 0 0 0]

7586950
5795435
&[60572073339361 135085055449577 0 0 0 0 0 0 0 0 0 0 0 0 0 0 0 0 0 0 0 0 0 0 0 0 0 0 0 0 0 0]

9302984
14219582
&[60572073339361 135085055449577 0 0 0 0 0 0 0 0 0 0 0 0 0 0 0 0 0 0 0 0 0 0 0 0 0 0 0 0 0 0]

9328064
9861132
&[60572073339361 135085055449577 0 0 0 0 0 0 0 0 0 0 0 0 0 0 0 0 0 0 0 0 0 0 0 0 0 0 0 0 0 0]

739719
2497415
&[60572073339361 135085055449577 0 0 0 0 0 0 0 0 0 0 0 0 0 0 0 0 0 0 0 0 0 0 0 0 0 0 0 0 0 0]


20919262
183401320477449
&[7926141 5729042 6890898 7754549 0 0 0 0 0 0 0 0 0 0 0 0 0 0 0 0 0 0 0 0 0 0 0 0 0 0 0 0]

20919262
114069151809419
&[7926141 5729042 6890898 7754549 0 0 0 0 0 0 0 0 0 0 0 0 0 0 0 0 0 0 0 0 0 0 0 0 0 0 0 0]

20919262
183401320477449
&[7926141 5729042 6890898 7754549 0 0 0 0 0 0 0 0 0 0 0 0 0 0 0 0 0 0 0 0 0 0 0 0 0 0 0 0]

20919262
114069151809419
&[7926141 5729042 6890898 7754549 0 0 0 0 0 0 0 0 0 0 0 0 0 0 0 0 0 0 0 0 0 0 0 0 0 0 0 0]

20919262
183401320477449
&[7926141 5729042 6890898 7754549 0 0 0 0 0 0 0 0 0 0 0 0 0 0 0 0 0 0 0 0 0 0 0 0 0 0 0 0]

20919262
114069151809419
&[7926141 5729042 6890898 7754549 0 0 0 0 0 0 0 0 0 0 0 0 0 0 0 0 0 0 0 0 0 0 0 0 0 0 0 0]

20919262
183401320477449
&[7926141 5729042 6890898 7754549 0 0 0 0 0 0 0 0 0 0 0 0 0 0 0 0 0 0 0 0 0 0 0 0 0 0 0 0]

20919262
114069151809419
&[7926141 5729042 6890898 7754549 0 0 0 0 0 0 0 0 0 0 0 0 0 0 0 0 0 0 0 0 0 0 0 0 0 0 0 0]

{[[13382385 124843796766994 124843796766994 124843796766994 124843796766994 124843796766994 124843796766994 124843796766994 13382385 124843796766994 124843796766994 124843796766994 124843796766994 124843796766994 124843796766994 124843796766994 13382385 124843796766994 124843796766994 124843796766994 124843796766994 124843796766994 124843796766994 124843796766994 13382385 124843796766994 124843796766994 124843796766994 124843796766994 124843796766994 124843796766994 124843796766994] [8429855 124843804723389 124843804723389 124843804723389 124843804723389 124843804723389 124843804723389 124843804723389 8429855 124843804723389 124843804723389 124843804723389 124843804723389 124843804723389 124843804723389 124843804723389 8429855 124843804723389 124843804723389 124843804723389 124843804723389 124843804723389 124843804723389 124843804723389 8429855 124843804723389 124843804723389 124843804723389 124843804723389 124843804723389 124843804723389 124843804723389] [2534905 124843798803359 124843798803359 124843798803359 124843798803359 124843798803359 124843798803359 124843798803359 2534905 124843798803359 124843798803359 124843798803359 124843798803359 124843798803359 124843798803359 124843798803359 2534905 124843798803359 124843798803359 124843798803359 124843798803359 124843798803359 124843798803359 124843798803359 2534905 124843798803359 124843798803359 124843798803359 124843798803359 124843798803359 124843798803359 124843798803359] [3237134 124843786541712 124843786541712 124843786541712 124843786541712 124843786541712 124843786541712 124843786541712 3237134 124843786541712 124843786541712 124843786541712 124843786541712 124843786541712 124843786541712 124843786541712 3237134 124843786541712 124843786541712 124843786541712 124843786541712 124843786541712 124843786541712 124843786541712 3237134 124843786541712 124843786541712 124843786541712 124843786541712 124843786541712 124843786541712 124843786541712]]}
error check
PASS
ok  	github.com/lifejade/mm/src/matmult	0.118s
