ckks parameter init end
generated bootstrapper end
1.055719537s
generate Evaluator end
N is this  :  65536
[281474976317441 281474975662081]
[14624959 15092711 16654291 16108999 13227197]
[2782816996639358407665 2782817003118609156787] [274097284425112 208986152316630]
[5417325416668623230615 5249432133725778710942 4757222154244604668802 4918254828151428362134 5989792252163215784432] [10734936 2510959 15525339 14410855 11057617]
[281474976317441 281474975662081 281474978414593]
[14624959 15092711 16654291 16108999 13227197]
[140737488119399 140737487935898]
[[6850572 2904803] [4977286 10790841] [12105335 2305839] [14651326 4139176] [5074440 8966611]]
[0.9737891730595312 0.7424679647810825]
[12625586 3940534 6987070 10072309 10989494]
[[130735786974849 88847555541173 258081113435486 184744775481415 154893639531039] [7385388416527 236113835203776 168594085190923 212104778275385 63903494700613]]
[0.7340147756995421 0.16636898433952654 0.9322125451032409 0.8945841389648109 0.8359758307069896]
TT [279371353398827 196432040142415 240540320388324 184922119103463 54030254081963 118506747131169 84976368050909 68531122043083 156289363270299 229512100307960 161143523645509 203305235588060 220352347393933 171081019968496 50586624207665 91423118496210 15350326001345 259425325762159 1354872147573 52693057178349]
TT [62634502611495 17807087306769 239460765507891 146134471685051 134653529105770 209028781227321 194228360149885 188929765855296 259178713151894 62459420617581 167341515454300 28758632621642 211788995972257 146899276924511 245325760304705 65648729331677 78468844264628 236747338648910 102083620687046 191448636551344]
3.271716ms
TT [279371353398827 196432040142415 240540320388324 184922119103463 54030254081963 118506747131169 84976368050909 68531122043083 156289363270299 229512100307960 161143523645509 203305235588060 220352347393933 171081019968496 50586624207665 91423118496210 15350326001345 259425325762159 1354872147573 52693057178349]
TT [62634502611495 17807087306769 239460765507891 146134471685051 134653529105770 209028781227321 194228360149885 188929765855296 259178713151894 62459420617581 167341515454300 28758632621642 211788995972257 146899276924511 245325760304705 65648729331677 78468844264628 236747338648910 102083620687046 191448636551344]
TT [85995553560308 203024583626541 152899789683803 45926406855197 150521440023307 148798336265932 30374589309095 102771750429753 276793116700424 147566995066375 252396093135888 192117992905531 6714147077656 239176870175178 121187079352642 25749504123342 214945774277159 12640964984267 148332159900401 177828409789607]
TT [181784160598665 23022997002758 158078224702568 265451435237291 259107410130362 172975106036944 28058061875354 241097828769757 207901196673200 242898582490820 201055143918081 87627048157225 3365126234826 243811297913482 125706666538755 82133342100212 277301641001824 210991069054657 169028668810226 274996771698731]
3.271406ms
TT [85995553560308 203024583626541 152899789683803 45926406855197 150521440023307 148798336265932 30374589309095 102771750429753 276793116700424 147566995066375 252396093135888 192117992905531 6714147077656 239176870175178 121187079352642 25749504123342 214945774277159 12640964984267 148332159900401 177828409789607]
TT [181784160598665 23022997002758 158078224702568 265451435237291 259107410130362 172975106036944 28058061875354 241097828769757 207901196673200 242898582490820 201055143918081 87627048157225 3365126234826 243811297913482 125706666538755 82133342100212 277301641001824 210991069054657 169028668810226 274996771698731]
1
40
[-0.8881890523162035 0.7678360272096905 0.11053749835832316 0.2451994061328493 0.5345536148772152 0.7216479449588551 -0.12332295659387893 -0.877877842574394 0.9539871074008028 0.3474952637562214 -0.5816735942859256 0.3573156057060347 0.2984874612730257 0.545700358830884 -0.5932813301920989 -0.3086391732092655 0.7260301607554185 -0.23153941581609727 0.7513361889517178 -0.12666034430081907]
[-0.8881890523216498 0.7678360272102509 0.11053749836628413 0.24519940613117797 0.5345536148715837 0.7216479449607505 -0.1233229565914371 -0.8778778425757991 0.9539871074020994 0.3474952637516253 -0.5816735942853484 0.35731560570457077 0.2984874612693602 0.5457003588298903 -0.5932813301960778 -0.3086391732149423 0.7260301607566362 -0.23153941581767867 0.7513361889514272 -0.1266603443045824]
PASS
ok  	github.com/lifejade/mm/src/matmult	2.313s
