ckks parameter init end
generated bootstrapper end
13.482234ms
generate Evaluator end
N is this  :  32
[281474976709249 281474976712577]
[14624959 15092711 16654291 16108999 13227197]
[2782816992765728237885] [70107860312012]
[2782816992765728237885 2782816992732825792843] [70107860312012 129558857323966]
[5417325444427503402339] [2145572]
[5417325444427503402339 5249432160624358058109] [2145572 10181174]
[5417325444427503402339 5249432160624358058109 4757222178621054221495] [2145572 10181174 14339628]
[5417325444427503402339 5249432160624358058109 4757222178621054221495 4918254853353024339474] [2145572 10181174 14339628 8198147]
[5417325444427503402339 5249432160624358058109 4757222178621054221495 4918254853353024339474 5989792282855469358441] [2145572 10181174 14339628 8198147 7804796]
[281474976709249 281474976712577]
[14624959 15092711 16654291 16108999 13227197]
[151563449024995 129911527751326]
[[723737 7952684] [3256610 5003979] [10333706 8956776] [9206514 1173476] [13027961 7964305]]
[0.24907315432316482 0.46028552462147515]
[8062793 9938739 10728019 2352307]
[[42722945969116 139575445434782 90274656100675 118394723810405] [49286569408883 41960745290242 253566738962412 154539585896345]]
[0.14670618905666677 0.6745755616734462 0.8610170195777173 0.5089172207410281]
TT [100895156018899 143234470065789 269054423089976 276689708217632 29573813032393 248241169969225 90728905512647 280902789721725 37026367894769 73511530605395 57108961334206 162464587779200 10581577759020 267946729407476 200843671089445 55041412943227 132282602836136 65985589516462 56283351992881 244327854926065 139344723838969 181508655308679 134831181991413 169444813134302 85412274229900 194166658442528 32938485985043 257689126726886 264691146928933 171501874630405 277250659012348 246216959468100]
TT [108133360969726 275990622153194 66725792774706 214438814547524 263419812681314 45227669613488 61587068522728 92709279688876 54659495706195 154270816301982 258367588731273 190836394053619 34495375619802 147143714714353 67386476666158 241472165963653 166718135175425 194682323334254 135281485455276 155383241361849 219666465627167 172708788912084 61317687612736 46761034126497 231105336750888 26369648704419 274222006824704 211271927201272 38221610552508 256660131318930 281017846164827 97236464926182]
5.81µs
TT [100895156018899 143234470065789 269054423089976 276689708217632 29573813032393 248241169969225 90728905512647 280902789721725 37026367894769 73511530605395 57108961334206 162464587779200 10581577759020 267946729407476 200843671089445 55041412943227 132282602836136 65985589516462 56283351992881 244327854926065 139344723838969 181508655308679 134831181991413 169444813134302 85412274229900 194166658442528 32938485985043 257689126726886 264691146928933 171501874630405 277250659012348 246216959468100]
TT [108133360969726 275990622153194 66725792774706 214438814547524 263419812681314 45227669613488 61587068522728 92709279688876 54659495706195 154270816301982 258367588731273 190836394053619 34495375619802 147143714714353 67386476666158 241472165963653 166718135175425 194682323334254 135281485455276 155383241361849 219666465627167 172708788912084 61317687612736 46761034126497 231105336750888 26369648704419 274222006824704 211271927201272 38221610552508 256660131318930 281017846164827 97236464926182]
TT [178618480705540 82500367845553 276607302184364 256986716222252 186993502197047 71519939733265 252476986407743 9139245025349 59181345914537 191990988129682 140155989770986 95833287717443 238243216036893 92019083648109 277020072834159 204593425963182 20529448415563 249101791662540 39284916368307 5223742244878 276092681950662 131994359055202 32147795453687 73626275390297 51669140511883 45104497703087 180991047596499 192819160687283 113664001592716 150289062837660 163059017925906 74334314189874]
TT [136579811198571 228735927302823 20531592969888 91762107298435 66019197923519 240106626241250 87949266724413 206779494097115 85728912790879 172259064261203 84400076655461 63786760872346 104467860618455 224876487532611 24266427770075 117615310217138 205054551291978 1888505033869 80425793546346 64478347267060 217011872226427 142145708857578 144836566356379 175856940874481 15634033108023 217723548530003 159472929790190 178799192236175 255026331474982 245151934599337 257577614855079 219213671344364]
4.338µs
TT [178618480705540 82500367845553 276607302184364 256986716222252 186993502197047 71519939733265 252476986407743 9139245025349 59181345914537 191990988129682 140155989770986 95833287717443 238243216036893 92019083648109 277020072834159 204593425963182 20529448415563 249101791662540 39284916368307 5223742244878 276092681950662 131994359055202 32147795453687 73626275390297 51669140511883 45104497703087 180991047596499 192819160687283 113664001592716 150289062837660 163059017925906 74334314189874]
TT [136579811198571 228735927302823 20531592969888 91762107298435 66019197923519 240106626241250 87949266724413 206779494097115 85728912790879 172259064261203 84400076655461 63786760872346 104467860618455 224876487532611 24266427770075 117615310217138 205054551291978 1888505033869 80425793546346 64478347267060 217011872226427 142145708857578 144836566356379 175856940874481 15634033108023 217723548530003 159472929790190 178799192236175 255026331474982 245151934599337 257577614855079 219213671344364]
1
40
[0.5811202572870982 0.8528973629571674 -0.930246613861828 -0.7856069809113726 -0.07655268528384618 -0.1914991010380367 0.6721613386823526 0.8132050683178706 0.06619433766659522 0.04453220980385275 -0.4294561714595435 -0.9793092703334915 -0.37767261457625123 -0.34486534362870336 0.6947896573120753 0.2259111548221986 0.429213586940258 -0.2211917023214306 -0.9089090771404829 -0.8295165431505783 -0.3878366256478202 -0.2186348533996907 0.7602833003663902 0.3053958049300005 -0.9153948936123243 0.5233509530288396 -0.20926505346484814 -0.5809008164089542 0.7928381153909694 0.30930731044713844 0.8287927390958487 -0.06973087225574248]
[0.5811202572886032 0.8528973629545362 -0.9302466138624368 -0.7856069809122346 -0.07655268528287706 -0.1914991010362428 0.6721613386844183 0.8132050683207126 0.0661943376662748 0.04453220980485639 -0.4294561714596057 -0.9793092703339425 -0.3776726145752036 -0.3448653436280438 0.6947896573128673 0.22591115482191526 0.42921358693729417 -0.22119170232235774 -0.9089090771421979 -0.8295165431500209 -0.3878366256467416 -0.21863485339963518 0.7602833003666092 0.30539580492950336 -0.9153948936145753 0.5233509530298761 -0.2092650534641507 -0.5809008164051193 0.7928381153915325 0.30930731044827553 0.8287927390947516 -0.06973087225560448]
PASS
ok  	github.com/lifejade/mm/src/matmult	0.068s
